%YAML:1.0
callibrationDate: "Fri May 25 16:49:06 2018\n"
CAMERA_RES: !!opencv-matrix
   rows: 1
   cols: 2
   dt: f
   data: [ 480., 640. ]
CAMERA_ROT_PY: !!opencv-matrix
   rows: 1
   cols: 2
   dt: f
   data: [ 3.20000005e+00, 3.19000006e+00 ]
CAMERA_MATRIX_INTRINSIC: !!opencv-matrix
   rows: 3
   cols: 3
   dt: f
   data: [ 7.70357056e+02, 0., -12., 0., 7.70267090e+02, -3., 0., 0., 1. ]
CAMERA_MATRIX_EXTRINSIC: !!opencv-matrix
   rows: 4
   cols: 4
   dt: f
   data: [ 9.98450518e-01, -5.55604734e-02, -3.10631283e-03, 0., 0.,
       5.58215044e-02, -9.98440742e-01, 1.36399996e+00, 5.56472428e-02,
       9.96893704e-01, 5.57350107e-02, 0., 0., 0., 0., 1. ]
